u1060.tsp;224094;243920;8.84718
0.35;4;0.07;97
4000
u1060.tsp;224094;253268;13.0186
0.35;4.5;0.07;97
4000
u1060.tsp;224094;242297;8.12293
0.35;5;0.07;97
4000
u1060.tsp;224094;244208;8.9757
0.35;5.5;0.07;97
4000
u1060.tsp;224094;248244;10.7767
0.35;6;0.07;97
4000
u1060.tsp;224094;246556;10.0235
0.35;6.5;0.07;97
4000
u1060.tsp;224094;246372;9.94136
0.36;2.5;0.07;97
4000
u1060.tsp;224094;245535;9.56786
0.36;3;0.07;97
4000
u1060.tsp;224094;245756;9.66648
0.36;3.5;0.07;97
4000
u1060.tsp;224094;248401;10.8468
0.36;4;0.07;97
4000
u1060.tsp;224094;244457;9.08681
0.36;4.5;0.07;97
4000
u1060.tsp;224094;242419;8.17737
0.36;5;0.07;97
4000
u1060.tsp;224094;243229;8.53883
0.36;5.5;0.07;97
4000
u1060.tsp;224094;249390;11.2881
0.36;6;0.07;97
4000
u1060.tsp;224094;247494;10.442
0.36;6.5;0.07;97
4000
u1060.tsp;224094;248824;11.0355
0.37;2.5;0.07;97
4000
0.35;2.5;0.07;97
4000
0.35;2.5;0.07;97
4000
0.35;2.5;0.07;97
4000
0.35;2.5;0.07;97
4000
0.35;2.5;0.07;97
4000
0.35;2.5;0.07;97
4000
0.35;2.5;0.07;97
4000
0.35;2.5;0.07;97
4000
0.35;2.5;0.07;97
4000
0.35;2.5;0.07;97
4000
0.35;2.5;0.07;97
4000
u1060.tsp;224094;233896;4.37406
0.35;3;0.07;97
4000
